SubjectName;TrialID;TrialSequence;CountInTrial;StartTime;Duration;Distance;Velocity;Validity;Trial Name;Saccade Target AOI group
S1702;0;0;1;438;2;30,64201;15,321;0;KF_001.jpg;nowhere
S1702;1;1;1;222;36;746,2385;20,72885;0;KF_002.jpg;nowhere
S1702;2;2;1;176;34;465,9841;13,70541;0;KF_003.jpg;face
S1702;3;3;1;252;10;92,49179;9,249179;0;KF_004.jpg;logo
S1702;4;4;1;212;16;243,4216;15,21385;0;KF_005.jpg;face
S1702;5;5;1;238;42;199,379;4,747118;0;KF_006.jpg;nowhere
S1702;6;6;1;214;30;409,7084;13,65695;0;KF_007.jpg;face
S1702;7;7;1;304;130;159,115;1,223961;0;KF_008.jpg;face
S1702;8;8;1;298;182;673,9929;3,703258;0;KF_009.jpg;logo
S1702;9;9;1;400;2;39,24364;19,62182;0;KF_010.jpg;nowhere
S1702;10;10;1;280;32;265,8104;8,306574;0;KF_011.jpg;logo
S1702;11;11;1;282;10;125,1201;12,51201;0;KF_012.jpg;face
S1702;12;12;1;300;120;474,9228;3,95769;0;KF_013.jpg;face
S1702;13;13;1;324;36;256,9454;7,137372;0;KF_014.jpg;face
S1702;14;14;1;574;118;157,814;1,337407;0;KF_015.jpg;logo
S1702;15;15;1;314;66;85,57885;1,296649;0;KF_016.jpg;nowhere
S1702;16;16;1;290;16;170,2806;10,64254;0;KF_017.jpg;face
S1702;17;17;1;302;26;311,2125;11,96971;0;KF_018.jpg;logo
S1702;18;18;1;452;18;249,0938;13,83854;0;KF_019.jpg;face
S1702;19;19;1;216;26;396,3242;15,24324;0;KF_020.jpg;logo
S1702;20;20;1;186;36;604,3116;16,78643;0;KF_021.jpg;face
S1702;21;21;1;238;32;527,5787;16,48683;0;KF_022.jpg;nowhere
S1702;22;22;1;260;14;128,1436;9,153111;0;KF_023.jpg;face
S1702;23;23;1;290;2;38,58889;19,29445;0;KF_024.jpg;face
S1702;24;24;1;304;32;429,8401;13,4325;0;KF_025.jpg;logo
S1702;25;25;1;298;20;146,8018;7,34009;0;KF_026.jpg;face
S1702;26;26;1;350;44;323,9825;7,363239;0;KF_027.jpg;face
S1702;27;27;1;166;24;307,6379;12,81824;0;KF_028.jpg;face
S1702;28;28;1;212;16;224,9623;14,06015;0;KF_029.jpg;face
S1702;29;29;1;150;226;570,3734;2,523776;-1;KF_030.jpg;logo
S1702;30;30;1;202;24;221,5673;9,231971;0;KF_031.jpg;face
S1702;31;31;1;190;40;505,0897;12,62724;0;KF_032.jpg;face
S1702;32;32;1;242;60;427,0569;7,117615;0;KF_033.jpg;face
S1702;33;33;1;274;16;150,167;9,385438;0;KF_034.jpg;logo
S1702;34;34;1;202;40;519,6815;12,99204;0;KF_035.jpg;face
S1702;35;35;1;206;24;388,5021;16,18759;0;KF_036.jpg;face
S1702;36;36;1;124;2;24,27824;12,13912;0;KF_037.jpg;face
S1702;37;37;1;188;8;98,76163;12,3452;0;KF_038.jpg;face
S1702;38;38;1;200;10;122,1965;12,21965;0;KF_039.jpg;face
S1702;39;39;1;412;114;678,5395;5,952101;0;KF_040.jpg;logo
S1702;40;40;1;520;28;318,3633;11,37012;0;KF_041.jpg;face
S1702;41;41;1;212;34;259,0601;7,619415;0;KF_042.jpg;face
S1702;42;42;1;220;26;354,6684;13,64109;0;KF_043.jpg;face
S1702;43;43;1;226;34;460,7188;13,55055;0;KF_044.jpg;face
S1702;44;44;1;274;34;542,179;15,94644;0;KF_045.jpg;logo
S1702;45;45;1;262;92;495,7019;5,388064;0;KF_046.jpg;nowhere
S1702;46;46;1;344;16;181,05;11,31563;0;KF_047.jpg;face
S1702;47;47;1;256;82;512,6597;6,251947;0;KF_048.jpg;nowhere
S1702;48;48;1;358;2;34,51387;17,25694;0;KF_049.jpg;nowhere
S1702;49;49;1;184;20;318,2989;15,91494;0;KF_050.jpg;face
S1702;50;50;1;214;34;355,9755;10,46987;0;KF_051.jpg;nowhere
S1702;51;51;1;192;28;467,4363;16,69415;0;KF_052.jpg;face
S1702;52;52;1;160;26;287,6436;11,06322;0;KF_053.jpg;face
S1702;53;53;1;204;16;136,142;8,508877;0;KF_054.jpg;face
S1702;54;54;1;380;36;391,7845;10,8829;0;KF_055.jpg;nowhere
S1702;55;55;1;414;28;437,0749;15,60982;0;KF_056.jpg;logo
S1702;56;56;1;188;40;734,3556;18,35889;0;KF_057.jpg;nowhere
S1702;57;57;1;258;20;267,66;13,383;0;KF_058.jpg;face
S1702;58;58;1;292;20;247,5867;12,37934;0;KF_059.jpg;face
S1702;59;59;1;562;18;126,7807;7,043374;0;KF_060.jpg;face
S1702;60;60;1;230;10;78,27188;7,827188;0;KF_061.jpg;nowhere
S1702;61;61;1;286;38;633,9245;16,68222;0;KF_062.jpg;logo
S1702;62;62;1;360;20;114,789;5,73945;0;KF_063.jpg;face
S1702;63;63;1;242;26;398,1804;15,31463;0;KF_064.jpg;logo
S1702;64;64;1;324;10;57,01366;5,701366;0;KF_065.jpg;nowhere
S1702;66;66;1;170;18;221,6552;12,31418;0;KF_067.jpg;face
S1702;67;67;1;236;28;509,7511;18,2054;0;KF_068.jpg;face
S1702;68;68;1;212;28;469,3682;16,76315;0;KF_069.jpg;logo
S1702;69;69;1;198;20;254,2628;12,71314;0;KF_070.jpg;face
S1702;70;70;1;288;24;368,7697;15,36541;0;KF_071.jpg;logo
S1702;71;71;1;182;128;205,8438;1,608155;0;KF_072.jpg;face
S1702;72;72;1;178;14;207,3743;14,81245;0;KF_073.jpg;face
S1702;73;73;1;262;40;607,7648;15,19412;0;KF_074.jpg;logo
S1702;74;74;1;348;14;126,6628;9,047345;0;KF_075.jpg;nowhere
S1702;75;75;1;256;18;179,5625;9,975692;0;KF_076.jpg;face
S1702;76;76;1;266;110;445,9951;4,054501;0;KF_077.jpg;nowhere
S1702;77;77;1;410;30;386,9033;12,89678;0;KF_078.jpg;logo
S1702;78;78;1;234;20;349,5531;17,47766;0;KF_079.jpg;nowhere
S1702;79;79;1;240;30;543,9325;18,13108;0;KF_080.jpg;logo
S1702;80;80;1;212;18;257,0137;14,27854;0;KF_081.jpg;face
S1702;81;81;1;210;34;595,7156;17,52105;0;KF_082.jpg;logo
S1702;82;82;1;294;8;87,43077;10,92885;0;KF_083.jpg;face
S1702;83;83;1;304;10;70,17661;7,017661;0;KF_084.jpg;face
S1702;84;84;1;376;14;153,7761;10,98401;0;KF_085.jpg;face
S1702;85;85;1;370;46;888,4025;19,3131;0;KF_086.jpg;logo
S1702;86;86;1;288;68;584,2599;8,592058;0;KF_087.jpg;nowhere
S1702;87;87;1;518;44;495,7279;11,26654;0;KF_088.jpg;face
S1702;88;88;1;300;56;643,0082;11,48229;0;KF_089.jpg;logo
S1702;89;89;1;484;40;603,9789;15,09947;0;KF_090.jpg;nowhere
S1702;90;90;1;226;10;80,00941;8,00094;0;KF_091.jpg;face
S1702;91;91;1;174;22;237,0907;10,77685;0;KF_092.jpg;face
S1702;92;92;1;228;20;228,7318;11,43659;0;KF_093.jpg;face
S1702;93;93;1;192;124;482,2523;3,889131;0;KF_094.jpg;face
S1702;94;94;1;308;24;355,0539;14,79391;0;KF_095.jpg;logo
S1702;95;95;1;320;16;123,9682;7,748012;0;KF_096.jpg;face
S1702;96;96;1;182;52;843,6305;16,22366;0;KF_097.jpg;nowhere
S1702;97;97;1;380;2;28,74876;14,37438;0;KF_098.jpg;nowhere
S1702;98;98;1;132;176;198,4216;1,127395;-1;KF_099.jpg;face
S1702;99;99;1;310;36;648,7177;18,01994;0;KF_100.jpg;logo
S1702;100;100;1;294;38;631,8417;16,62741;0;KL_001.png;nowhere
S1702;101;101;1;322;28;298,7597;10,66999;0;KL_002.png;nowhere
S1702;102;102;1;234;272;618,5593;2,274115;-1;KL_003.png;logo
S1702;103;103;1;254;28;407,6371;14,55847;0;KL_004.png;logo
S1702;104;104;1;230;16;223,0134;13,93834;0;KL_005.png;logo
S1702;105;105;1;212;36;627,2475;17,42354;0;KL_006.png;logo
S1702;106;106;1;178;36;554,9356;15,41488;0;KL_007.png;logo
S1702;107;107;1;214;26;398,0709;15,31042;0;KL_008.png;logo
S1702;108;108;1;234;102;968,1614;9,491778;0;KL_009.png;nowhere
S1702;109;109;1;368;40;656,5912;16,41478;0;KL_010.png;logo
S1702;110;110;1;220;30;346,9867;11,56622;0;KL_011.png;logo
S1702;111;111;1;202;48;670,7468;13,97389;0;KL_012.png;logo
S1702;112;112;1;196;30;497,6896;16,58965;0;KL_013.png;logo
S1702;113;113;1;312;74;736,3594;9,950803;0;KL_014.png;nowhere
S1702;114;114;1;222;38;518,9281;13,656;0;KL_015.png;nowhere
S1702;115;115;1;248;38;439,9268;11,57702;0;KL_016.png;logo
S1702;116;116;1;306;44;731,2432;16,61916;0;KL_017.png;logo
S1702;117;117;1;214;20;331,0852;16,55426;0;KL_018.png;nowhere
S1702;118;118;1;242;36;374,9771;10,41603;0;KL_019.png;nowhere
S1702;119;119;1;204;92;688,4777;7,483453;0;KL_020.png;logo
S1702;120;120;1;246;36;285,5245;7,931236;0;KL_021.png;logo
S1702;121;121;1;530;28;415,5376;14,84063;0;KL_022.png;nowhere
S1702;122;122;1;224;34;536,6827;15,78478;0;KL_023.png;logo
S1702;123;123;1;442;2;33,866;16,933;0;KL_024.png;nowhere
S1702;124;124;1;288;34;549,4304;16,15972;0;KL_025.png;logo
S1702;125;125;1;216;78;608,4633;7,800811;0;KL_026.png;nowhere
S1702;126;126;1;216;34;738,8126;21,72978;0;KL_027.png;logo
S1702;127;127;1;262;42;763,7256;18,18394;0;KL_028.png;logo
S1702;128;128;1;272;32;591,7198;18,49125;0;KL_029.png;nowhere
S1702;129;129;1;722;2;32,7119;16,35595;0;KL_030.png;nowhere
S1702;130;130;1;196;36;656,2097;18,22805;0;KL_031.png;nowhere
S1702;131;131;1;232;2;260,9316;130,4658;0;KL_032.png;nowhere
S1702;132;132;1;198;30;520,5269;17,35089;0;KL_033.png;logo
S1702;133;133;1;224;36;587,0333;16,30648;0;KL_034.png;logo
S1702;134;134;1;212;28;445,8148;15,92196;0;KL_035.png;logo
S1702;135;135;1;248;30;519,8934;17,32978;0;KL_036.png;nowhere
S1702;136;136;1;200;34;414,1756;12,18164;0;KL_037.png;logo
S1702;137;137;1;316;48;725,9247;15,12343;0;KL_038.png;nowhere
S1702;138;138;1;246;36;681,8544;18,9404;0;KL_039.png;nowhere
S1702;139;139;1;214;20;332,3691;16,61846;0;KL_040.png;logo
S1702;140;140;1;290;70;56,781;0,8111572;0;KL_041.png;nowhere
S1702;141;141;1;190;108;998,8494;9,248606;0;KL_042.png;nowhere
S1702;142;142;1;222;26;369,7176;14,21991;0;KL_043.png;logo
S1702;143;143;1;174;46;797,091;17,32807;0;KL_044.png;logo
S1702;144;144;1;192;26;463,0753;17,81059;0;KL_045.png;nowhere
S1702;145;145;1;218;48;792,4844;16,51009;0;KL_046.png;nowhere
S1702;146;146;1;234;254;400,7033;1,577572;-1;KL_047.png;nowhere
S1702;147;147;1;294;44;469,2719;10,66527;0;KL_048.png;logo
S1702;148;148;1;530;36;632,2272;17,56187;0;KL_049.png;logo
S1702;149;149;1;352;20;328,6797;16,43399;0;KL_050.png;nowhere
S1702;150;150;1;210;40;566,6675;14,16669;0;KL_051.png;logo
S1702;151;151;1;470;2;45,14873;22,57436;0;KL_052.png;nowhere
S1702;152;152;1;192;44;446,8015;10,15458;0;KL_053.png;logo
S1702;153;153;1;258;24;313,9309;13,08045;0;KL_054.png;logo
S1702;154;154;1;222;72;518,9648;7,207844;0;KL_055.png;logo
S1702;155;155;1;222;90;174,1063;1,934515;0;KL_056.png;logo
S1702;156;156;1;210;30;409,9686;13,66562;0;KL_057.png;logo
S1702;157;157;1;218;32;530,5059;16,57831;0;KL_058.png;logo
S1702;158;158;1;142;280;327,7126;1,170402;-1;KL_059.png;logo
S1702;159;159;1;244;38;711,4183;18,72153;0;KL_060.png;logo
S1702;160;160;1;202;20;263,9182;13,19591;0;KL_061.png;logo
S1702;161;161;1;214;28;431,7007;15,41788;0;KL_062.png;logo
S1702;162;162;1;368;116;309,3987;2,66723;0;KL_063.png;nowhere
S1702;163;163;1;238;34;573,0494;16,85439;0;KL_064.png;logo
S1702;164;164;1;218;26;390,6451;15,02481;0;KL_065.png;logo
S1702;165;165;1;248;38;412,3269;10,85071;0;KL_066.png;logo
S1702;166;166;1;320;100;444,1216;4,441216;0;KL_067.png;logo
S1702;167;167;1;358;42;767,2746;18,26844;0;KL_068.png;logo
S1702;168;168;1;264;40;627,3511;15,68378;0;KL_069.png;logo
S1702;169;169;1;210;36;614,8297;17,0786;0;KL_070.png;logo
S1702;170;170;1;226;32;578,4208;18,07565;0;KL_071.png;logo
S1702;171;171;1;236;32;541,8472;16,93273;0;KL_072.png;logo
S1702;172;172;1;236;110;650,3134;5,91194;0;KL_073.png;logo
S1702;173;173;1;256;98;536,7053;5,476584;0;KL_074.png;nowhere
S1702;174;174;1;226;24;381,5223;15,89676;0;KL_075.png;logo
S1702;175;175;1;210;28;487,6063;17,41451;0;KL_076.png;logo
S1702;176;176;1;234;32;469,4017;14,6688;0;KL_077.png;nowhere
S1702;177;177;1;166;68;389,8259;5,732734;0;KL_078.png;logo
S1702;178;178;1;196;24;409,0045;17,04186;0;KL_079.png;logo
S1702;179;179;1;224;36;612,1057;17,00294;0;KL_080.png;nowhere
S1702;180;180;1;196;26;351,7766;13,52987;0;KL_081.png;logo
S1702;181;181;1;240;14;195,331;13,95222;0;KL_082.png;logo
S1702;182;182;1;160;2;33,55728;16,77864;0;KL_083.png;nowhere
S1702;183;183;1;204;30;381,4251;12,71417;0;KL_084.png;nowhere
S1702;184;184;1;242;124;714,8417;5,764853;0;KL_085.png;logo
S1702;185;185;1;202;42;701,4123;16,70029;0;KL_086.png;logo
S1702;186;186;1;256;30;512,5712;17,08571;0;KL_087.png;logo
S1702;187;187;1;234;36;546,2034;15,17232;0;KL_088.png;logo
S1702;188;188;1;242;114;972,3934;8,529767;0;KL_089.png;nowhere
S1702;189;189;1;284;38;299,1598;7,872625;0;KL_090.png;nowhere
S1702;190;190;1;240;2;24,03768;12,01884;0;KL_091.png;nowhere
S1702;191;191;1;226;36;677,0648;18,80735;0;KL_092.png;logo
S1702;192;192;1;250;30;565,387;18,84623;0;KL_093.png;logo
S1702;193;193;1;216;26;430,3388;16,55149;0;KL_094.png;logo
S1702;194;194;1;194;40;692,383;17,30957;0;KL_095.png;logo
S1702;195;195;1;330;34;516,3512;15,1868;0;KL_096.png;nowhere
S1702;196;196;1;258;36;698,8216;19,41171;0;KL_097.png;nowhere
S1702;197;197;1;488;36;423,7923;11,77201;0;KL_098.png;logo
S1702;198;198;1;216;34;691,6186;20,34172;0;KL_099.png;nowhere
S1702;199;199;1;194;36;660,2438;18,34011;0;KL_100.png;logo
S1702;200;200;1;200;18;227,7637;12,65354;0;UF_001.jpg;face
S1702;201;201;1;268;106;586,156;5,529774;0;UF_002.jpg;logo
S1702;202;202;1;426;80;53,85631;0,6732039;0;UF_003.jpg;face
S1702;203;203;1;162;36;438,8665;12,19074;0;UF_004.jpg;logo
S1702;204;204;1;288;32;529,0525;16,53289;0;UF_005.jpg;logo
S1702;205;205;1;178;18;287,0453;15,94696;0;UF_006.jpg;face
S1702;206;206;1;204;22;240,5179;10,93263;0;UF_007.jpg;face
S1702;207;207;1;298;26;220,3728;8,475879;0;UF_008.jpg;nowhere
S1702;208;208;1;242;22;389,9603;17,72547;0;UF_009.jpg;face
S1702;209;209;1;226;38;518,1428;13,63534;0;UF_010.jpg;face
S1702;210;210;1;252;14;109,935;7,852499;0;UF_011.jpg;face
S1702;211;211;1;260;38;584,2672;15,37545;0;UF_012.jpg;logo
S1702;212;212;1;218;38;698,5673;18,38335;0;UF_013.jpg;logo
S1702;213;213;1;350;64;562,8297;8,794214;0;UF_014.jpg;nowhere
S1702;214;214;1;262;10;131,5165;13,15165;0;UF_015.jpg;face
S1702;215;215;1;288;116;623,7297;5,37698;0;UF_016.jpg;logo
S1702;216;216;1;226;40;572,6709;14,31677;0;UF_017.jpg;nowhere
S1702;217;217;1;228;34;562,212;16,53565;0;UF_018.jpg;logo
S1702;218;218;1;124;114;77,7316;0,6818561;0;UF_019.jpg;face
S1702;219;219;1;276;26;202,2642;7,779394;0;UF_020.jpg;face
S1702;220;220;1;174;24;346,3198;14,42999;0;UF_021.jpg;nowhere
S1702;221;221;1;242;26;407,861;15,68696;0;UF_022.jpg;nowhere
S1702;222;222;1;210;14;145,326;10,38043;0;UF_023.jpg;face
S1702;223;223;1;286;36;784,9526;21,80424;0;UF_024.jpg;logo
S1702;224;224;1;276;42;772,6678;18,39685;0;UF_025.jpg;logo
S1702;225;225;1;176;14;124,3187;8,87991;0;UF_026.jpg;face
S1702;226;226;1;236;2;63,55165;31,77583;0;UF_027.jpg;face
S1702;227;227;1;270;58;434,2545;7,487146;0;UF_028.jpg;face
S1702;228;228;1;202;20;239,1756;11,95878;0;UF_029.jpg;face
S1702;229;229;1;214;14;160,2263;11,44474;0;UF_030.jpg;face
S1702;230;230;1;220;18;191,3081;10,62823;0;UF_031.jpg;face
S1702;231;231;1;198;36;373,5227;10,37563;0;UF_032.jpg;face
S1702;232;232;1;232;38;401,0066;10,5528;0;UF_033.jpg;nowhere
S1702;233;233;1;272;34;546,9005;16,08531;0;UF_034.jpg;nowhere
S1702;234;234;1;188;26;394,0747;15,15672;0;UF_035.jpg;face
S1702;235;235;1;90;2;20,83961;10,41981;0;UF_036.jpg;nowhere
S1702;236;236;1;188;8;86,36665;10,79583;0;UF_037.jpg;face
S1702;237;237;1;340;2;51,21685;25,60842;0;UF_038.jpg;face
S1702;238;238;1;440;20;164,8902;8,244508;0;UF_039.jpg;face
S1702;239;239;1;184;126;161,8807;1,284767;0;UF_040.jpg;face
S1702;240;240;1;270;36;564,9621;15,69339;0;UF_041.jpg;logo
S1702;241;241;1;280;116;438,8073;3,782821;0;UF_042.jpg;logo
S1702;242;242;1;230;2;28,3825;14,19125;0;UF_043.jpg;nowhere
S1702;243;243;1;268;42;436,4315;10,39123;0;UF_044.jpg;face
S1702;244;244;1;228;18;193,9977;10,77765;0;UF_045.jpg;face
S1702;245;245;1;210;22;248,0483;11,27492;0;UF_046.jpg;face
S1702;246;246;1;248;44;346,6737;7,878948;0;UF_047.jpg;nowhere
S1702;247;247;1;234;14;105,2292;7,516372;0;UF_048.jpg;face
S1702;248;248;1;238;36;474,0865;13,16907;0;UF_049.jpg;logo
S1702;249;249;1;226;456;818,86;1,795746;-1;UF_050.jpg;logo
S1702;250;250;1;486;176;282,9822;1,607853;0;UF_051.jpg;face
S1702;251;251;1;360;2;27,17015;13,58508;0;UF_052.jpg;nowhere
S1702;252;252;1;188;22;300,0912;13,64051;0;UF_053.jpg;face
S1702;253;253;1;190;20;272,4947;13,62473;0;UF_054.jpg;face
S1702;254;254;1;272;84;682,3071;8,122704;0;UF_055.jpg;logo
S1702;255;255;1;356;26;363,3238;13,97399;0;UF_056.jpg;face
S1702;256;256;1;404;2;40,21441;20,1072;0;UF_057.jpg;nowhere
S1702;257;257;1;254;70;562,6105;8,037292;0;UF_058.jpg;nowhere
S1702;258;258;1;212;14;151,7264;10,8376;0;UF_059.jpg;face
S1702;259;259;1;360;8;94,36707;11,79588;0;UF_060.jpg;face
S1702;260;260;1;288;16;107,7908;6,736922;0;UF_061.jpg;logo
S1702;261;261;1;238;6;102,1064;17,01774;0;UF_062.jpg;face
S1702;262;262;1;222;12;105,5007;8,791724;0;UF_063.jpg;face
S1702;263;263;1;254;40;581,9698;14,54925;0;UF_064.jpg;logo
S1702;264;264;1;220;22;297,669;13,53041;0;UF_065.jpg;logo
S1702;265;265;1;208;14;149,3931;10,67093;0;UF_066.jpg;face
S1702;266;266;1;180;50;279,3987;5,587973;0;UF_067.jpg;face
S1702;267;267;1;212;24;431,0255;17,9594;0;UF_068.jpg;face
S1702;268;268;1;236;26;179,6973;6,911433;0;UF_069.jpg;face
S1702;269;269;1;562;26;247,216;9,508308;0;UF_070.jpg;nowhere
S1702;270;270;1;260;2;61,74958;30,87479;0;UF_071.jpg;face
S1702;271;271;1;412;2;43,81184;21,90592;0;UF_072.jpg;nowhere
S1702;272;272;1;194;34;535,7618;15,7577;0;UF_073.jpg;logo
S1702;273;273;1;218;38;672,9521;17,70927;0;UF_074.jpg;logo
S1702;274;274;1;178;22;235,4947;10,7043;0;UF_075.jpg;face
S1702;275;275;1;408;2;33,64352;16,82176;0;UF_076.jpg;nowhere
S1702;276;276;1;412;2;45,36898;22,68449;0;UF_077.jpg;face
S1702;277;277;1;458;36;562,9982;15,63884;0;UF_078.jpg;nowhere
S1702;278;278;1;200;44;532,4443;12,10101;0;UF_079.jpg;face
S1702;279;279;1;192;22;289,3843;13,15383;0;UF_080.jpg;face
S1702;280;280;1;206;42;895,1349;21,31274;0;UF_081.jpg;logo
S1702;281;281;1;380;22;138,8324;6,310563;0;UF_082.jpg;face
S1702;282;282;1;146;198;25,87523;0,130683;-1;UF_083.jpg;face
S1702;283;283;1;174;16;115,0058;7,187862;0;UF_084.jpg;face
S1702;284;284;1;1032;14;112,9462;8,067582;0;UF_085.jpg;face
S1702;285;285;1;214;46;220,1241;4,785306;0;UF_086.jpg;face
S1702;286;286;1;208;8;80,13603;10,017;0;UF_087.jpg;face
S1702;287;287;1;518;26;368,1164;14,15832;0;UF_088.jpg;face
S1702;288;288;1;304;46;685,5688;14,90367;0;UF_089.jpg;logo
S1702;289;289;1;198;38;813,7836;21,41536;0;UF_090.jpg;nowhere
S1702;290;290;1;426;2;33,75296;16,87648;0;UF_091.jpg;face
S1702;291;291;1;242;16;214,8401;13,42751;0;UF_092.jpg;face
S1702;292;292;1;208;38;221,0472;5,817032;0;UF_093.jpg;face
S1702;293;293;1;382;38;598,5726;15,75191;0;UF_094.jpg;logo
S1702;294;294;1;208;18;261,6914;14,53841;0;UF_095.jpg;face
S1702;295;295;1;238;36;668,0671;18,55742;0;UF_096.jpg;nowhere
S1702;296;296;1;336;74;154,0672;2,081989;0;UF_097.jpg;face
S1702;297;297;1;196;30;210,4077;7,013591;0;UF_098.jpg;face
S1702;298;298;1;182;18;179,868;9,992667;0;UF_099.jpg;face
S1702;299;299;1;268;42;762,7085;18,15973;0;UF_100.jpg;logo
S1702;300;300;1;226;28;417,1187;14,8971;0;UL_001.png;logo
S1702;301;301;1;202;38;704,6043;18,54222;0;UL_002.png;logo
S1702;302;302;1;316;34;700,4988;20,60291;0;UL_003.png;logo
S1702;303;303;1;218;42;761,8626;18,13959;0;UL_004.png;logo
S1702;304;304;1;220;60;520,1332;8,668886;0;UL_005.png;logo
S1702;305;305;1;230;34;568,3354;16,71575;0;UL_006.png;logo
S1702;306;306;1;234;40;719,2832;17,98208;0;UL_007.png;nowhere
S1702;307;307;1;230;122;700,7386;5,74376;0;UL_008.png;nowhere
S1702;308;308;1;394;38;231,7984;6,099958;0;UL_009.png;logo
S1702;309;309;1;398;32;357,2209;11,16315;0;UL_010.png;nowhere
S1702;310;310;1;452;44;689,5741;15,67214;0;UL_011.png;nowhere
S1702;311;311;1;386;44;865,0205;19,65956;0;UL_012.png;logo
S1702;312;312;1;168;24;330,9355;13,78898;0;UL_013.png;logo
S1702;313;313;1;272;114;719,2592;6,309291;0;UL_014.png;logo
S1702;314;314;1;204;30;388,8968;12,96323;0;UL_015.png;logo
S1702;315;315;1;206;242;410,3622;1,695712;-1;UL_016.png;logo
S1702;316;316;1;270;34;488,511;14,36797;0;UL_017.png;logo
S1702;317;317;1;218;32;361,0493;11,28279;0;UL_018.png;nowhere
S1702;318;318;1;386;36;325,5321;9,04256;0;UL_019.png;logo
S1702;319;319;1;362;42;700,2879;16,67352;0;UL_020.png;logo
S1702;320;320;1;494;38;652,691;17,17608;0;UL_021.png;logo
S1702;321;321;1;624;2;22,99735;11,49867;0;UL_022.png;nowhere
S1702;322;322;1;540;10;66,98325;6,698325;0;UL_023.png;logo
S1702;323;323;1;230;360;561,4076;1,559466;-1;UL_024.png;logo
S1702;324;324;1;194;18;270,4494;15,02497;0;UL_025.png;logo
S1702;325;325;1;202;42;647,0954;15,40703;0;UL_026.png;logo
S1702;326;326;1;248;258;811,2355;3,144324;-1;UL_027.png;logo
S1702;327;327;1;262;42;720,4337;17,15318;0;UL_028.png;logo
S1702;328;328;1;226;32;607,5458;18,98581;0;UL_029.png;nowhere
S1702;329;329;1;240;24;364,5092;15,18788;0;UL_030.png;nowhere
S1702;330;330;1;220;44;750,606;17,05923;0;UL_031.png;nowhere
S1702;331;331;1;436;46;781,1456;16,98143;0;UL_032.png;logo
S1702;332;332;1;286;30;444,6687;14,82229;0;UL_033.png;nowhere
S1702;333;333;1;228;192;613,6874;3,196289;0;UL_034.png;logo
S1702;334;334;1;230;40;694,3688;17,35922;0;UL_035.png;logo
S1702;335;335;1;242;200;928,8976;4,644488;0;UL_036.png;logo
S1702;336;336;1;270;40;738,7256;18,46814;0;UL_037.png;logo
S1702;337;337;1;208;36;342,5779;9,516051;0;UL_038.png;logo
S1702;338;338;1;252;20;342,0004;17,10002;0;UL_039.png;logo
S1702;339;339;1;436;92;407,8345;4,432984;0;UL_040.png;logo
S1702;340;340;1;220;34;318,4049;9,364849;0;UL_041.png;logo
S1702;341;341;1;196;42;760,9903;18,11882;0;UL_042.png;logo
S1702;342;342;1;408;50;134,2887;2,685774;0;UL_043.png;nowhere
S1702;343;343;1;226;26;423,1339;16,27438;0;UL_044.png;nowhere
S1702;344;344;1;274;42;706,244;16,81533;0;UL_045.png;nowhere
S1702;345;345;1;476;34;363,8163;10,70048;0;UL_046.png;nowhere
S1702;346;346;1;196;24;331,3773;13,80739;0;UL_047.png;logo
S1702;347;347;1;222;384;733,137;1,909211;-1;UL_048.png;logo
S1702;348;348;1;258;40;777,6198;19,44049;0;UL_049.png;logo
S1702;349;349;1;274;32;516,0378;16,12618;0;UL_050.png;logo
S1702;350;350;1;240;18;194,4804;10,80447;0;UL_051.png;nowhere
S1702;351;351;1;242;104;646,0265;6,211793;0;UL_052.png;logo
S1702;352;352;1;222;44;525,0825;11,93369;0;UL_053.png;logo
S1702;353;353;1;362;56;561,5899;10,02839;0;UL_054.png;logo
S1702;354;354;1;280;38;611,812;16,10032;0;UL_055.png;nowhere
S1702;355;355;1;520;42;394,0009;9,380974;0;UL_056.png;nowhere
S1702;356;356;1;302;88;446,1713;5,070129;0;UL_057.png;logo
S1702;357;357;1;238;26;424,0589;16,30996;0;UL_058.png;logo
S1702;358;358;1;148;184;727,4388;3,953472;-1;UL_059.png;logo
S1702;359;359;1;340;142;856,235;6,029824;-1;UL_060.png;logo
S1702;360;360;1;240;24;314,0484;13,08535;0;UL_061.png;logo
S1702;361;361;1;196;42;210,3799;5,009045;0;UL_062.png;nowhere
S1702;362;362;1;264;32;504,5773;15,76804;0;UL_063.png;logo
S1702;363;363;1;320;42;733,668;17,46829;0;UL_064.png;logo
S1702;364;364;1;246;28;213,3155;7,618411;0;UL_065.png;nowhere
S1702;365;365;1;246;28;475,3166;16,97559;0;UL_066.png;logo
S1702;366;366;1;234;38;681,4485;17,93286;0;UL_067.png;logo
S1702;367;367;1;442;2;30,86067;15,43033;0;UL_068.png;nowhere
S1702;368;368;1;224;26;457,6447;17,60172;0;UL_069.png;logo
S1702;369;369;1;220;26;382,5883;14,71493;0;UL_070.png;logo
S1702;370;370;1;372;10;119,3361;11,93361;0;UL_071.png;nowhere
S1702;371;371;1;168;48;556,7674;11,59932;0;UL_072.png;logo
S1702;372;372;1;422;38;589,912;15,524;0;UL_073.png;nowhere
S1702;373;373;1;348;26;387,8565;14,91756;0;UL_074.png;logo
S1702;374;374;1;238;18;204,8721;11,38178;0;UL_075.png;logo
S1702;375;375;1;216;2;39,23211;19,61605;0;UL_076.png;nowhere
S1702;376;376;1;264;64;634,248;9,910126;0;UL_077.png;logo
S1702;377;377;1;140;190;202,5225;1,065908;-1;UL_078.png;nowhere
S1702;378;378;1;210;298;521,4429;1,749809;-1;UL_079.png;logo
S1702;379;379;1;216;46;704,6094;15,3176;0;UL_080.png;nowhere
S1702;380;380;1;192;36;631,9487;17,55413;0;UL_081.png;nowhere
S1702;381;381;1;334;26;353,4856;13,5956;0;UL_082.png;nowhere
S1702;382;382;1;224;32;258,1858;8,068306;0;UL_083.png;logo
S1702;383;383;1;374;42;416,6825;9,921013;0;UL_084.png;nowhere
S1702;384;384;1;312;2;62,36034;31,18017;0;UL_085.png;nowhere
S1702;385;385;1;214;20;306,8083;15,34041;0;UL_086.png;logo
S1702;386;386;1;190;292;729,6338;2,498746;-1;UL_087.png;logo
S1702;387;387;1;204;36;674,203;18,72786;0;UL_088.png;logo
S1702;388;388;1;236;26;391,5844;15,06094;0;UL_089.png;logo
S1702;389;389;1;240;22;274,0893;12,45861;0;UL_090.png;nowhere
S1702;390;390;1;224;18;296,1669;16,45371;0;UL_091.png;logo
S1702;391;391;1;240;46;565,8768;12,30167;0;UL_092.png;logo
S1702;392;392;1;256;32;472,6158;14,76924;0;UL_093.png;logo
S1702;393;393;1;226;30;331,8414;11,06138;0;UL_094.png;nowhere
S1702;394;394;1;208;42;582,9349;13,8794;0;UL_095.png;nowhere
S1702;395;395;1;254;48;929,2998;19,36041;0;UL_096.png;logo
S1702;396;396;1;260;132;465,5985;3,527261;0;UL_097.png;logo
S1702;397;397;1;482;8;68,43871;8,554838;0;UL_098.png;logo
S1702;398;398;1;208;30;380,42;12,68067;0;UL_099.png;logo
S1702;399;399;1;370;2;31,10337;15,55169;0;UL_100.png;nowhere
