SubjectName;TrialID;TrialSequence;CountInTrial;StartTime;Duration;Distance;Velocity;Validity;Trial Name;Saccade Target AOI group
S0302;0;0;1;308;12;74,49963;6,208303;0;KF_001.jpg;nowhere
S0302;1;1;1;118;30;312,256;10,40853;0;KF_002.jpg;nowhere
S0302;2;2;1;212;42;543,1361;12,93181;0;KF_003.jpg;logo
S0302;3;3;1;184;34;296,5043;8,720714;0;KF_004.jpg;nowhere
S0302;4;4;1;224;26;343,137;13,19758;0;KF_005.jpg;face
S0302;5;5;1;178;30;409,1804;13,63935;0;KF_006.jpg;nowhere
S0302;6;6;1;182;28;360,4329;12,8726;0;KF_007.jpg;face
S0302;7;7;1;152;16;169,3703;10,58565;0;KF_008.jpg;face
S0302;8;8;1;216;28;419,8438;14,99442;0;KF_009.jpg;nowhere
S0302;9;9;1;246;10;110,4537;11,04537;0;KF_010.jpg;nowhere
S0302;10;10;1;220;22;233,9288;10,63313;0;KF_011.jpg;face
S0302;11;11;1;168;20;247,9299;12,39649;0;KF_012.jpg;face
S0302;12;12;1;200;24;263,2915;10,97048;0;KF_013.jpg;face
S0302;13;13;1;164;18;237,4772;13,19318;0;KF_014.jpg;face
S0302;14;14;1;194;28;410,7241;14,66872;0;KF_015.jpg;face
S0302;15;15;1;162;22;268,3778;12,19899;0;KF_016.jpg;face
S0302;16;16;1;202;14;164,0885;11,72061;0;KF_017.jpg;face
S0302;17;17;1;174;14;169,6257;12,11612;0;KF_018.jpg;face
S0302;18;18;1;186;10;155,3827;15,53827;0;KF_019.jpg;face
S0302;19;19;1;180;20;213,7092;10,68546;0;KF_020.jpg;nowhere
S0302;20;20;1;244;46;803,7534;17,4729;0;KF_021.jpg;nowhere
S0302;21;21;1;190;36;441,2831;12,25786;0;KF_022.jpg;face
S0302;22;22;1;178;10;104,5734;10,45735;0;KF_023.jpg;face
S0302;23;23;1;246;10;93,54488;9,354488;0;KF_024.jpg;face
S0302;24;24;1;170;16;161,2788;10,07993;0;KF_025.jpg;face
S0302;25;25;1;192;32;436,8451;13,65141;0;KF_026.jpg;face
S0302;26;26;1;162;8;106,4453;13,30567;0;KF_027.jpg;face
S0302;27;27;1;182;42;478,7412;11,3986;0;KF_028.jpg;nowhere
S0302;28;28;1;186;16;230,4826;14,40516;0;KF_029.jpg;face
S0302;29;29;1;316;68;195,8594;2,880285;0;KF_030.jpg;face
S0302;30;30;1;212;20;221,6957;11,08479;0;KF_031.jpg;face
S0302;31;31;1;174;32;482,927;15,09147;0;KF_032.jpg;face
S0302;32;32;1;204;24;278,059;11,58579;0;KF_033.jpg;nowhere
S0302;33;33;1;176;24;319,7241;13,32184;0;KF_034.jpg;face
S0302;34;34;1;156;30;366,206;12,20687;0;KF_035.jpg;face
S0302;35;35;1;174;16;150,3703;9,398143;0;KF_036.jpg;nowhere
S0302;36;36;1;214;32;454,7136;14,2098;0;KF_037.jpg;logo
S0302;37;37;1;242;12;136,414;11,36784;0;KF_038.jpg;face
S0302;38;38;1;212;26;479,9374;18,45913;0;KF_039.jpg;face
S0302;39;39;1;226;2;57,32529;28,66265;0;KF_040.jpg;face
S0302;40;40;1;296;16;252,5315;15,78322;0;KF_041.jpg;face
S0302;41;41;1;256;22;241,0631;10,95742;0;KF_042.jpg;nowhere
S0302;42;42;1;208;16;254,1894;15,88684;0;KF_043.jpg;face
S0302;43;43;1;260;16;256,4239;16,02649;0;KF_044.jpg;nowhere
S0302;44;44;1;196;30;457,8956;15,26319;0;KF_045.jpg;nowhere
S0302;45;45;1;356;24;254,5663;10,60693;0;KF_046.jpg;face
S0302;46;46;1;238;16;241,415;15,08844;0;KF_047.jpg;face
S0302;47;47;1;204;94;1081,16;11,50171;0;KF_048.jpg;nowhere
S0302;48;48;1;272;26;398,5013;15,32697;0;KF_049.jpg;logo
S0302;49;49;1;178;16;253,388;15,83675;0;KF_050.jpg;face
S0302;50;50;1;172;28;302,8432;10,81583;0;KF_051.jpg;face
S0302;51;51;1;270;24;386,326;16,09692;0;KF_052.jpg;nowhere
S0302;52;52;1;192;20;255,7508;12,78754;0;KF_053.jpg;face
S0302;53;53;1;200;16;178,2752;11,1422;0;KF_054.jpg;face
S0302;54;54;1;232;30;280,8325;9,361084;0;KF_055.jpg;face
S0302;55;55;1;134;90;228,6842;2,540936;0;KF_056.jpg;face
S0302;56;56;1;262;24;355,2195;14,80081;0;KF_057.jpg;nowhere
S0302;57;57;1;176;14;185,4285;13,24489;0;KF_058.jpg;face
S0302;58;58;1;196;16;242,5727;15,16079;0;KF_059.jpg;face
S0302;59;59;1;166;20;168,6037;8,430184;0;KF_060.jpg;face
S0302;60;60;1;156;34;541,2852;15,92015;0;KF_061.jpg;nowhere
S0302;61;61;1;170;20;263,9972;13,19986;0;KF_062.jpg;face
S0302;62;62;1;190;14;154,1155;11,00825;0;KF_063.jpg;face
S0302;63;63;1;198;50;330,1185;6,602369;0;KF_064.jpg;nowhere
S0302;64;64;1;208;28;451,5959;16,12843;0;KF_065.jpg;face
S0302;65;65;1;216;36;584,637;16,23992;0;KF_066.jpg;face
S0302;66;66;1;208;32;301,8119;9,431622;0;KF_067.jpg;face
S0302;67;67;1;286;8;43,63277;5,454097;0;KF_068.jpg;logo
S0302;68;68;1;148;16;188,4626;11,77891;0;KF_069.jpg;face
S0302;69;69;1;292;16;212,2785;13,26741;0;KF_070.jpg;face
S0302;70;70;1;262;24;362,1325;15,08885;0;KF_071.jpg;logo
S0302;71;71;1;180;18;203,8008;11,32227;0;KF_072.jpg;face
S0302;72;72;1;164;8;95,25047;11,90631;0;KF_073.jpg;face
S0302;73;73;1;242;2;46,72525;23,36262;0;KF_074.jpg;face
S0302;74;74;1;192;14;224,5785;16,04132;0;KF_075.jpg;face
S0302;75;75;1;148;32;665,8849;20,8089;0;KF_076.jpg;face
S0302;76;76;1;230;18;211,5892;11,75495;0;KF_077.jpg;face
S0302;77;77;1;192;34;625,076;18,38459;0;KF_078.jpg;face
S0302;78;78;1;216;22;200,565;9,116592;0;KF_079.jpg;logo
S0302;79;79;1;336;16;213,5288;13,34555;0;KF_080.jpg;face
S0302;80;80;1;194;16;255,6371;15,97732;0;KF_081.jpg;face
S0302;81;81;1;192;12;103,9548;8,662902;0;KF_082.jpg;face
S0302;82;82;1;212;10;67,56883;6,756883;0;KF_083.jpg;face
S0302;83;83;1;256;30;332,8021;11,0934;0;KF_084.jpg;face
S0302;84;84;1;240;10;109,0366;10,90366;0;KF_085.jpg;face
S0302;85;85;1;206;24;265,5771;11,06571;0;KF_086.jpg;face
S0302;86;86;1;172;12;137,3551;11,44626;0;KF_087.jpg;face
S0302;87;87;1;182;30;452,5783;15,08594;0;KF_088.jpg;nowhere
S0302;88;88;1;172;18;301,5554;16,75307;0;KF_089.jpg;face
S0302;89;89;1;248;32;403,2638;12,60199;0;KF_090.jpg;face
S0302;90;90;1;254;8;59,02406;7,378007;0;KF_091.jpg;face
S0302;91;91;1;156;20;249,3559;12,4678;0;KF_092.jpg;face
S0302;92;92;1;208;16;233,5056;14,5941;0;KF_093.jpg;face
S0302;93;93;1;168;16;224,6568;14,04105;0;KF_094.jpg;face
S0302;94;94;1;202;18;200,927;11,16261;0;KF_095.jpg;face
S0302;95;95;1;174;20;175,7789;8,788944;0;KF_096.jpg;face
S0302;96;96;1;162;18;204,0073;11,33374;0;KF_097.jpg;face
S0302;97;97;1;176;28;344,6468;12,30882;0;KF_098.jpg;face
S0302;98;98;1;168;20;270,4937;13,52469;0;KF_099.jpg;face
S0302;99;99;1;172;22;208,5011;9,477322;0;KF_100.jpg;face
S0302;100;100;1;270;28;245,1321;8,75472;0;KL_001.png;nowhere
S0302;101;101;1;234;42;677,3082;16,12638;0;KL_002.png;logo
S0302;102;102;1;280;84;429,2247;5,109818;0;KL_003.png;nowhere
S0302;103;103;1;202;32;416,58;13,01812;0;KL_004.png;nowhere
S0302;104;104;1;208;22;181,9881;8,272184;0;KL_005.png;logo
S0302;105;105;1;202;32;608,4695;19,01467;0;KL_006.png;logo
S0302;106;106;1;158;38;582,1186;15,31891;0;KL_007.png;logo
S0302;107;107;1;236;24;411,8259;17,15941;0;KL_008.png;logo
S0302;108;108;1;182;30;311,42;10,38066;0;KL_009.png;logo
S0302;109;109;1;294;2;47,33881;23,6694;0;KL_010.png;nowhere
S0302;110;110;1;218;24;349,4979;14,56241;0;KL_011.png;logo
S0302;111;111;1;214;36;596,7172;16,57548;0;KL_012.png;logo
S0302;112;112;1;292;36;420,2009;11,67225;0;KL_013.png;nowhere
S0302;113;113;1;202;14;144,1585;10,29703;0;KL_014.png;nowhere
S0302;114;114;1;298;8;88,17712;11,02214;0;KL_015.png;nowhere
S0302;115;115;1;188;24;379,6781;15,81992;0;KL_016.png;logo
S0302;116;116;1;248;22;260,3002;11,83183;0;KL_017.png;nowhere
S0302;117;117;1;194;24;398,5471;16,60613;0;KL_018.png;nowhere
S0302;118;118;1;232;14;176,5934;12,61382;0;KL_019.png;nowhere
S0302;119;119;1;238;36;667,8539;18,5515;0;KL_020.png;logo
S0302;120;120;1;198;20;235,2199;11,76099;0;KL_021.png;logo
S0302;121;121;1;406;40;464,4827;11,61207;0;KL_022.png;nowhere
S0302;122;122;1;216;32;518,5537;16,2048;0;KL_023.png;nowhere
S0302;123;123;1;344;8;77,54019;9,692524;0;KL_024.png;logo
S0302;124;124;1;182;34;507,1671;14,91668;0;KL_025.png;logo
S0302;125;125;1;178;32;408,3835;12,76198;0;KL_026.png;nowhere
S0302;126;126;1;172;34;603,2328;17,74214;0;KL_027.png;logo
S0302;127;127;1;222;28;348,9809;12,4636;0;KL_028.png;nowhere
S0302;128;128;1;126;94;247,3342;2,631215;0;KL_029.png;logo
S0302;129;129;1;214;36;733,0861;20,3635;0;KL_030.png;nowhere
S0302;130;130;1;262;44;600,5766;13,64947;0;KL_031.png;nowhere
S0302;131;131;1;434;2;27,26295;13,63148;0;KL_032.png;nowhere
S0302;132;132;1;198;36;522,9809;14,52725;0;KL_033.png;logo
S0302;133;133;1;250;22;407,0897;18,50408;0;KL_034.png;logo
S0302;134;134;1;372;26;430,4389;16,55534;0;KL_035.png;nowhere
S0302;135;135;1;274;36;369,2626;10,25729;0;KL_036.png;nowhere
S0302;136;136;1;280;94;418,4887;4,452007;0;KL_037.png;nowhere
S0302;137;137;1;240;14;147,5091;10,53636;0;KL_038.png;nowhere
S0302;138;138;1;248;24;301,0927;12,54553;0;KL_039.png;nowhere
S0302;139;139;1;162;24;360,7866;15,03278;0;KL_040.png;logo
S0302;140;140;1;176;26;454,6949;17,48826;0;KL_041.png;logo
S0302;141;141;1;184;40;678,0285;16,95071;0;KL_042.png;logo
S0302;142;142;1;214;32;402,4109;12,57534;0;KL_043.png;logo
S0302;143;143;1;278;24;229,0965;9,545686;0;KL_044.png;nowhere
S0302;144;144;1;184;22;363,1595;16,50725;0;KL_045.png;nowhere
S0302;145;145;1;246;30;289,09;9,636333;0;KL_046.png;nowhere
S0302;146;146;1;186;270;453,9517;1,681303;-1;KL_047.png;logo
S0302;147;147;1;214;36;415,2138;11,53372;0;KL_048.png;nowhere
S0302;148;148;1;218;38;697,4062;18,35279;0;KL_049.png;logo
S0302;149;149;1;192;36;621,6287;17,26746;0;KL_050.png;nowhere
S0302;150;150;1;180;32;532,8564;16,65176;0;KL_051.png;logo
S0302;151;151;1;126;2;26,84445;13,42222;0;KL_052.png;nowhere
S0302;152;152;1;194;32;443,4294;13,85717;0;KL_053.png;nowhere
S0302;153;153;1;218;18;221,4727;12,30404;0;KL_054.png;logo
S0302;154;154;1;192;34;512,5506;15,07502;0;KL_055.png;logo
S0302;155;155;1;220;28;445,576;15,91343;0;KL_056.png;nowhere
S0302;156;156;1;190;30;417,215;13,90717;0;KL_057.png;logo
S0302;157;157;1;182;30;441,9029;14,7301;0;KL_058.png;nowhere
S0302;158;158;1;160;20;236,1862;11,80931;0;KL_059.png;logo
S0302;159;159;1;196;38;759,3447;19,98275;0;KL_060.png;logo
S0302;160;160;1;182;18;314,8519;17,49177;0;KL_061.png;logo
S0302;161;161;1;208;22;317,6705;14,43957;0;KL_062.png;logo
S0302;162;162;1;242;8;74,69549;9,336936;0;KL_063.png;nowhere
S0302;163;163;1;256;40;647,4341;16,18585;0;KL_064.png;logo
S0302;164;164;1;354;12;67,36979;5,614149;0;KL_065.png;nowhere
S0302;165;165;1;214;30;412,3854;13,74618;0;KL_066.png;logo
S0302;166;166;1;84;258;402,2419;1,559077;-1;KL_067.png;nowhere
S0302;167;167;1;314;14;97,12237;6,937312;0;KL_068.png;nowhere
S0302;168;168;1;238;188;813,9216;4,32937;0;KL_069.png;logo
S0302;169;169;1;206;30;389,1537;12,97179;0;KL_070.png;nowhere
S0302;170;170;1;236;20;94,77105;4,738553;0;KL_071.png;nowhere
S0302;171;171;1;196;32;399,8107;12,49409;0;KL_072.png;nowhere
S0302;172;172;1;390;34;632,9905;18,61737;0;KL_073.png;logo
S0302;173;173;1;246;10;130,665;13,0665;0;KL_074.png;nowhere
S0302;174;174;1;222;28;371,2011;13,25718;0;KL_075.png;logo
S0302;175;175;1;202;32;473,8728;14,80852;0;KL_076.png;logo
S0302;176;176;1;242;24;348,7759;14,53233;0;KL_077.png;nowhere
S0302;177;177;1;200;46;597,3768;12,98645;0;KL_078.png;nowhere
S0302;178;178;1;194;24;361,5273;15,06364;0;KL_079.png;nowhere
S0302;179;179;1;352;30;488,654;16,28847;0;KL_080.png;nowhere
S0302;180;180;1;188;28;465,8531;16,63761;0;KL_081.png;logo
S0302;181;181;1;218;38;610,8654;16,0754;0;KL_082.png;nowhere
S0302;182;182;1;162;78;645,1872;8,27163;0;KL_083.png;nowhere
S0302;183;183;1;290;30;428,5358;14,28453;0;KL_084.png;nowhere
S0302;184;184;1;242;44;634,0606;14,41047;0;KL_085.png;logo
S0302;185;185;1;186;40;622,9916;15,57479;0;KL_086.png;logo
S0302;186;186;1;208;30;469,6947;15,65649;0;KL_087.png;logo
S0302;187;187;1;326;32;418,9113;13,09098;0;KL_088.png;nowhere
S0302;188;188;1;178;20;288,4803;14,42401;0;KL_089.png;logo
S0302;189;189;1;144;88;299,762;3,406386;0;KL_090.png;nowhere
S0302;190;190;1;192;38;748,0345;19,68512;0;KL_091.png;logo
S0302;191;191;1;206;48;552,6592;11,51373;0;KL_092.png;logo
S0302;192;192;1;204;30;289,2127;9,640424;0;KL_093.png;nowhere
S0302;193;193;1;340;36;460,7131;12,79759;0;KL_094.png;nowhere
S0302;194;194;1;232;34;474,879;13,96703;0;KL_095.png;nowhere
S0302;195;195;1;230;18;206,7637;11,48687;0;KL_096.png;nowhere
S0302;196;196;1;212;40;656,5216;16,41304;0;KL_097.png;logo
S0302;197;197;1;338;18;217,6962;12,09423;0;KL_098.png;nowhere
S0302;198;198;1;184;28;469,097;16,75347;0;KL_099.png;nowhere
S0302;199;199;1;238;34;301,7249;8,87426;0;KL_100.png;nowhere
S0302;200;200;1;188;22;305,0669;13,86668;0;UF_001.jpg;face
S0302;201;201;1;216;28;338,5803;12,09215;0;UF_002.jpg;nowhere
S0302;202;202;1;202;64;900,1767;14,06526;0;UF_003.jpg;face
S0302;203;203;1;164;34;484,136;14,23929;0;UF_004.jpg;logo
S0302;204;204;1;274;32;217,6921;6,802877;0;UF_005.jpg;face
S0302;205;205;1;192;20;260,7128;13,03564;0;UF_006.jpg;face
S0302;206;206;1;170;18;258,9841;14,38801;0;UF_007.jpg;face
S0302;207;207;1;212;26;410,4405;15,78617;0;UF_008.jpg;face
S0302;208;208;1;270;32;577,6369;18,05115;0;UF_009.jpg;logo
S0302;209;209;1;186;30;485,8576;16,19526;0;UF_010.jpg;face
S0302;210;210;1;240;16;81,14375;5,071485;0;UF_011.jpg;face
S0302;211;211;1;166;18;273,5506;15,19726;0;UF_012.jpg;face
S0302;212;212;1;198;20;234,0645;11,70323;0;UF_013.jpg;face
S0302;213;213;1;82;2;34,50556;17,25278;0;UF_014.jpg;nowhere
S0302;214;214;1;192;12;148,2308;12,35257;0;UF_015.jpg;face
S0302;215;215;1;272;26;345,115;13,27365;0;UF_016.jpg;nowhere
S0302;216;216;1;186;22;305,513;13,88696;0;UF_017.jpg;face
S0302;217;217;1;180;28;363,981;12,99932;0;UF_018.jpg;face
S0302;218;218;1;168;14;150,9611;10,78293;0;UF_019.jpg;face
S0302;219;219;1;186;10;145,6689;14,56689;0;UF_020.jpg;face
S0302;220;220;1;214;14;185,994;13,28529;0;UF_021.jpg;logo
S0302;221;221;1;234;26;377,3615;14,5139;0;UF_022.jpg;nowhere
S0302;222;222;1;194;8;89,84888;11,23111;0;UF_023.jpg;face
S0302;223;223;1;188;14;132,2865;9,449033;0;UF_024.jpg;face
S0302;224;224;1;160;16;185,4848;11,5928;0;UF_025.jpg;face
S0302;225;225;1;188;34;576,0287;16,94202;0;UF_026.jpg;face
S0302;226;226;1;198;8;83,07352;10,38419;0;UF_027.jpg;face
S0302;227;227;1;178;26;306,4358;11,78599;0;UF_028.jpg;nowhere
S0302;228;228;1;182;16;254,1062;15,88164;0;UF_029.jpg;face
S0302;229;229;1;224;30;150,4672;5,015574;0;UF_030.jpg;face
S0302;230;230;1;204;20;229,9294;11,49647;0;UF_031.jpg;face
S0302;231;231;1;218;32;469,2895;14,6653;0;UF_032.jpg;face
S0302;232;232;1;188;20;224,1753;11,20876;0;UF_033.jpg;logo
S0302;233;233;1;174;26;374,7218;14,41238;0;UF_034.jpg;face
S0302;234;234;1;164;24;384,8673;16,03614;0;UF_035.jpg;face
S0302;235;235;1;200;30;402,8816;13,42939;0;UF_036.jpg;face
S0302;236;236;1;194;14;158,539;11,32421;0;UF_037.jpg;face
S0302;237;237;1;260;12;99,63088;8,302573;0;UF_038.jpg;face
S0302;238;238;1;212;12;73,02917;6,085764;0;UF_039.jpg;face
S0302;239;239;1;208;34;497,1556;14,62222;0;UF_040.jpg;logo
S0302;240;240;1;206;16;183,7605;11,48503;0;UF_041.jpg;face
S0302;241;241;1;322;22;244,4478;11,11126;0;UF_042.jpg;nowhere
S0302;242;242;1;180;18;264,4515;14,69175;0;UF_043.jpg;face
S0302;243;243;1;222;32;433,6671;13,5521;0;UF_044.jpg;face
S0302;244;244;1;304;16;225,7296;14,1081;0;UF_045.jpg;face
S0302;245;245;1;160;38;797,7009;20,99213;0;UF_046.jpg;nowhere
S0302;246;246;1;194;24;419,947;17,49779;0;UF_047.jpg;nowhere
S0302;247;247;1;338;18;283,9476;15,77487;0;UF_048.jpg;face
S0302;248;248;1;164;18;235,6702;13,09279;0;UF_049.jpg;face
S0302;249;249;1;202;28;351,2209;12,5436;0;UF_050.jpg;nowhere
S0302;250;250;1;152;22;312,0444;14,18384;0;UF_051.jpg;face
S0302;251;251;1;218;30;188,7619;6,292062;0;UF_052.jpg;nowhere
S0302;252;252;1;188;30;332,0845;11,06948;0;UF_053.jpg;face
S0302;253;253;1;178;18;249,0946;13,83859;0;UF_054.jpg;nowhere
S0302;254;254;1;172;16;203,4633;12,71646;0;UF_055.jpg;face
S0302;255;255;1;192;24;358,5332;14,93888;0;UF_056.jpg;face
S0302;256;256;1;244;18;241,6245;13,42359;0;UF_057.jpg;face
S0302;257;257;1;194;10;124,769;12,4769;0;UF_058.jpg;nowhere
S0302;258;258;1;192;12;168,8453;14,07044;0;UF_059.jpg;face
S0302;259;259;1;176;14;140,1106;10,0079;0;UF_060.jpg;face
S0302;260;260;1;248;16;264,2174;16,51359;0;UF_061.jpg;face
S0302;261;261;1;212;10;120,8607;12,08607;0;UF_062.jpg;face
S0302;262;262;1;250;18;174,3591;9,686618;0;UF_063.jpg;face
S0302;263;263;1;174;30;343,5487;11,45162;0;UF_064.jpg;nowhere
S0302;264;264;1;192;30;512,0195;17,06732;0;UF_065.jpg;face
S0302;265;265;1;176;14;211,3678;15,0977;0;UF_066.jpg;face
S0302;266;266;1;170;20;213,784;10,6892;0;UF_067.jpg;face
S0302;267;267;1;228;24;358,6826;14,94511;0;UF_068.jpg;face
S0302;268;268;1;154;14;154,2991;11,02136;0;UF_069.jpg;face
S0302;269;269;1;218;14;205,7838;14,69885;0;UF_070.jpg;face
S0302;270;270;1;214;10;117,3484;11,73484;0;UF_071.jpg;face
S0302;271;271;1;210;14;208,7758;14,91255;0;UF_072.jpg;face
S0302;272;272;1;190;18;202,175;11,23194;0;UF_073.jpg;face
S0302;273;273;1;266;2;39,99081;19,99541;0;UF_074.jpg;face
S0302;274;274;1;216;22;261,9793;11,90815;0;UF_075.jpg;face
S0302;275;275;1;176;18;197,1286;10,95159;0;UF_076.jpg;face
S0302;276;276;1;214;16;189,0116;11,81322;0;UF_077.jpg;face
S0302;277;277;1;210;14;176,4967;12,60691;0;UF_078.jpg;face
S0302;278;278;1;344;28;364,7939;13,02836;0;UF_079.jpg;nowhere
S0302;279;279;1;186;24;295,4157;12,30899;0;UF_080.jpg;face
S0302;280;280;1;84;16;249,2486;15,57804;0;UF_081.jpg;nowhere
S0302;281;281;1;208;12;74,56414;6,213678;0;UF_082.jpg;face
S0302;282;282;1;196;12;63,58525;5,298771;0;UF_083.jpg;face
S0302;283;283;1;166;14;170,004;12,14314;0;UF_084.jpg;face
S0302;284;284;1;350;14;99,06649;7,076178;0;UF_085.jpg;face
S0302;285;285;1;198;8;76,21001;9,526252;0;UF_086.jpg;face
S0302;286;286;1;186;14;146,7534;10,48239;0;UF_087.jpg;face
S0302;287;287;1;158;22;238,7633;10,85288;0;UF_088.jpg;face
S0302;288;288;1;226;30;299,3943;9,97981;0;UF_089.jpg;face
S0302;289;289;1;192;28;452,634;16,1655;0;UF_090.jpg;nowhere
S0302;290;290;1;240;8;101,9957;12,74946;0;UF_091.jpg;face
S0302;291;291;1;208;20;246,5529;12,32764;0;UF_092.jpg;face
S0302;292;292;1;216;22;315,8633;14,35742;0;UF_093.jpg;face
S0302;293;293;1;202;18;226,9258;12,60699;0;UF_094.jpg;face
S0302;294;294;1;606;32;614,4685;19,20214;0;UF_095.jpg;nowhere
S0302;295;295;1;184;22;335,325;15,24205;0;UF_096.jpg;face
S0302;296;296;1;142;16;187,4678;11,71674;0;UF_097.jpg;face
S0302;297;297;1;192;22;338,0648;15,36658;0;UF_098.jpg;face
S0302;298;298;1;172;18;291,6743;16,20412;0;UF_099.jpg;face
S0302;299;299;1;166;22;248,3348;11,28794;0;UF_100.jpg;face
S0302;300;300;1;184;32;452,971;14,15534;0;UL_001.png;logo
S0302;301;301;1;158;24;282,9308;11,78878;0;UL_002.png;nowhere
S0302;302;302;1;202;38;840,4095;22,11604;0;UL_003.png;logo
S0302;303;303;1;244;44;797,1913;18,11798;0;UL_004.png;logo
S0302;304;304;1;204;32;479,8171;14,99428;0;UL_005.png;nowhere
S0302;305;305;1;216;24;325,6897;13,57041;0;UL_006.png;nowhere
S0302;306;306;1;242;32;507,254;15,85169;0;UL_007.png;nowhere
S0302;307;307;1;376;2;35,52323;17,76162;0;UL_008.png;nowhere
S0302;308;308;1;140;68;236,8353;3,482872;0;UL_009.png;logo
S0302;309;309;1;230;42;573,235;13,64845;0;UL_010.png;nowhere
S0302;310;310;1;236;36;755,8356;20,99543;0;UL_011.png;logo
S0302;311;311;1;292;28;370,3749;13,22768;0;UL_012.png;nowhere
S0302;312;312;1;180;30;414,0426;13,80142;0;UL_013.png;logo
S0302;313;313;1;234;28;439,0368;15,67989;0;UL_014.png;logo
S0302;314;314;1;166;24;368,2267;15,34278;0;UL_015.png;nowhere
S0302;315;315;1;234;22;294,631;13,39232;0;UL_016.png;logo
S0302;316;316;1;242;20;256,9208;12,84604;0;UL_017.png;nowhere
S0302;317;317;1;254;32;301,8228;9,431962;0;UL_018.png;nowhere
S0302;318;318;1;220;28;356,3186;12,72567;0;UL_019.png;nowhere
S0302;319;319;1;280;10;116,9282;11,69282;0;UL_020.png;nowhere
S0302;320;320;1;220;36;611,3578;16,98216;0;UL_021.png;logo
S0302;321;321;1;254;34;541,5919;15,92917;0;UL_022.png;nowhere
S0302;322;322;1;206;14;194,7108;13,90791;0;UL_023.png;logo
S0302;323;323;1;278;38;522,9315;13,76135;0;UL_024.png;logo
S0302;324;324;1;186;24;359,1024;14,9626;0;UL_025.png;logo
S0302;325;325;1;198;32;549,9127;17,18477;0;UL_026.png;nowhere
S0302;326;326;1;246;28;287,9994;10,28569;0;UL_027.png;nowhere
S0302;327;327;1;218;28;352,1793;12,57783;0;UL_028.png;nowhere
S0302;328;328;1;274;28;408,6346;14,59409;0;UL_029.png;nowhere
S0302;329;329;1;282;18;329,6368;18,31316;0;UL_030.png;nowhere
S0302;330;330;1;238;14;89,13953;6,367109;0;UL_031.png;nowhere
S0302;331;331;1;300;14;191,4158;13,67255;0;UL_032.png;nowhere
S0302;332;332;1;290;32;269,4197;8,419367;0;UL_033.png;nowhere
S0302;333;333;1;314;28;299,569;10,69889;0;UL_034.png;nowhere
S0302;334;334;1;186;34;677,4568;19,9252;0;UL_035.png;logo
S0302;335;335;1;90;16;44,66472;2,791545;0;UL_036.png;nowhere
S0302;336;336;1;388;36;547,738;15,21495;0;UL_037.png;nowhere
S0302;337;337;1;308;22;256,0825;11,64011;0;UL_038.png;nowhere
S0302;338;338;1;194;20;360,0654;18,00327;0;UL_039.png;logo
S0302;339;339;1;220;24;410,7762;17,11567;0;UL_040.png;logo
S0302;340;340;1;176;32;350,3104;10,9472;0;UL_041.png;logo
S0302;341;341;1;348;120;773,0379;6,441983;0;UL_042.png;logo
S0302;342;342;1;342;36;383,7935;10,66093;0;UL_043.png;nowhere
S0302;343;343;1;202;28;448,3427;16,01224;0;UL_044.png;logo
S0302;344;344;1;222;26;368,0512;14,15582;0;UL_045.png;nowhere
S0302;345;345;1;272;22;169,0534;7,684247;0;UL_046.png;nowhere
S0302;346;346;1;208;30;379,2108;12,64036;0;UL_047.png;logo
S0302;347;347;1;412;32;600,226;18,75706;0;UL_048.png;logo
S0302;348;348;1;240;38;710,6712;18,70187;0;UL_049.png;logo
S0302;349;349;1;304;32;528,2915;16,50911;0;UL_050.png;logo
S0302;350;350;1;242;40;619,0474;15,47618;0;UL_051.png;nowhere
S0302;351;351;1;210;26;248,5699;9,560381;0;UL_052.png;nowhere
S0302;352;352;1;216;36;571,645;15,87903;0;UL_053.png;logo
S0302;353;353;1;328;18;149,4166;8,300922;0;UL_054.png;nowhere
S0302;354;354;1;196;122;662,4916;5,430259;0;UL_055.png;nowhere
S0302;355;355;1;246;30;411,2463;13,70821;0;UL_056.png;nowhere
S0302;356;356;1;274;26;362,375;13,9375;0;UL_057.png;logo
S0302;357;357;1;384;32;594,2474;18,57023;0;UL_058.png;nowhere
S0302;358;358;1;170;28;389,0272;13,89383;0;UL_059.png;nowhere
S0302;359;359;1;82;10;57,19515;5,719515;0;UL_060.png;nowhere
S0302;360;360;1;136;38;549,1627;14,45165;0;UL_061.png;nowhere
S0302;361;361;1;186;32;496,6904;15,52157;0;UL_062.png;logo
S0302;362;362;1;238;36;403,3077;11,20299;0;UL_063.png;nowhere
S0302;363;363;1;204;38;680,1442;17,89853;0;UL_064.png;logo
S0302;364;364;1;252;40;782,9849;19,57462;0;UL_065.png;logo
S0302;365;365;1;220;32;501,1416;15,66068;0;UL_066.png;logo
S0302;366;366;1;256;186;688,7225;3,702809;0;UL_067.png;nowhere
S0302;367;367;1;264;14;110,8107;7,915047;0;UL_068.png;nowhere
S0302;368;368;1;252;34;411,6697;12,10793;0;UL_069.png;logo
S0302;369;369;1;336;28;275,7453;9,848046;0;UL_070.png;nowhere
S0302;370;370;1;222;10;96,52024;9,652024;0;UL_071.png;nowhere
S0302;371;371;1;206;38;687,5762;18,09411;0;UL_072.png;logo
S0302;372;372;1;294;34;473,2773;13,91992;0;UL_073.png;nowhere
S0302;373;373;1;210;32;413,9258;12,93518;0;UL_074.png;logo
S0302;374;374;1;190;18;221,8577;12,32543;0;UL_075.png;logo
S0302;375;375;1;214;26;218,3738;8,398993;0;UL_076.png;nowhere
S0302;376;376;1;280;14;152,3482;10,88201;0;UL_077.png;nowhere
S0302;377;377;1;182;20;304,555;15,22775;0;UL_078.png;logo
S0302;378;378;1;264;20;77,01339;3,850669;0;UL_079.png;nowhere
S0302;379;379;1;306;26;312,2849;12,01096;0;UL_080.png;nowhere
S0302;380;380;1;210;30;353,7046;11,79015;0;UL_081.png;nowhere
S0302;381;381;1;326;10;94,28942;9,428942;0;UL_082.png;nowhere
S0302;382;382;1;176;20;294,6514;14,73257;0;UL_083.png;logo
S0302;383;383;1;232;38;613,4813;16,14424;0;UL_084.png;logo
S0302;384;384;1;234;58;566,9191;9,774467;0;UL_085.png;nowhere
S0302;385;385;1;292;24;239,0695;9,96123;0;UL_086.png;nowhere
S0302;386;386;1;200;28;305,4649;10,90946;0;UL_087.png;nowhere
S0302;387;387;1;240;26;449,9081;17,30416;0;UL_088.png;nowhere
S0302;388;388;1;186;24;349,0814;14,54506;0;UL_089.png;logo
S0302;389;389;1;212;22;305,3205;13,87821;0;UL_090.png;nowhere
S0302;390;390;1;192;22;335,4776;15,24898;0;UL_091.png;logo
S0302;391;391;1;210;32;549,1581;17,16119;0;UL_092.png;logo
S0302;392;392;1;218;32;366,4607;11,4519;0;UL_093.png;nowhere
S0302;393;393;1;210;44;630,8875;14,33835;0;UL_094.png;nowhere
S0302;394;394;1;200;36;555,6725;15,43535;0;UL_095.png;nowhere
S0302;395;395;1;292;32;261,8001;8,181254;0;UL_096.png;nowhere
S0302;396;396;1;212;18;318,9088;17,71715;0;UL_097.png;logo
S0302;397;397;1;210;38;704,1624;18,53059;0;UL_098.png;nowhere
S0302;398;398;1;184;32;300,3517;9,38599;0;UL_099.png;logo
S0302;399;399;1;190;34;491,4902;14,4556;0;UL_100.png;logo
